"species","x","y","wc2.1_2.5m_bio_12","wc2.1_2.5m_bio_15","wc2.1_2.5m_bio_3","wc2.1_2.5m_bio_4","wc2.1_2.5m_bio_8","wc2.1_2.5m_bio_9","nitrogen_0-5cm","grassland"
"background",1,1,1014,111.264335632324,69.4351959228516,126.707008361816,26.1693344116211,24.2466659545898,1.24800002574921,0.0232319999486208
"background",2,2,853,49.1848640441895,56.5687294006348,280.900726318359,25.4699993133545,18.5340003967285,2.02799987792969,0.981848001480103
"background",3,3,628,97.7041168212891,64.8619689941406,270.678802490234,26.2393341064453,21.0879993438721,1.13999998569489,0.177008002996445
"background",4,4,514,93.7096328735352,60.283275604248,316.078399658203,27.0153331756592,20.9673328399658,1.13999998569489,0.267012000083923
"background",5,5,528,112.468475341797,57.9853706359863,291.130889892578,23.7826652526855,18.1153335571289,0.660000026226044,0.00782399997115135
"background",6,6,649,51.4790267944336,57.7264595031738,368.377899169922,15.82200050354,6.77400016784668,2.51200008392334,0.996227979660034
"background",7,7,365,97.5562286376953,58.496711730957,435.953826904297,25.058666229248,14.9906663894653,0.783999979496002,0.000284000008832663
"background",8,8,1027,112.264312744141,65.5077590942383,160.580322265625,26.2080001831055,22.779333114624,1.12800002098083,0.342996001243591
"background",9,9,357,105.943183898926,58.545238494873,374.999176025391,26.9246673583984,18.9519996643066,0.867999970912933,0.999172031879425
"background",10,10,322,47.2146911621094,52.4635810852051,536.661865234375,20.2700004577637,9.17333316802979,0.84799998998642,0.918627977371216
"background",11,11,450,88.924186706543,57.854850769043,430.016357421875,25.550666809082,15.4720001220703,0.871999979019165,0.124568000435829
"background",12,12,823,93.4412231445312,61.4111175537109,285.349456787109,26.1633338928223,19.4366664886475,1.18400001525879,0.26911598443985
"background",13,13,718,64.4776611328125,55.6768836975098,391.272766113281,19.1986675262451,9.64066696166992,2.57200002670288,0.816223978996277
"background",14,14,687,94.8611755371094,64.735221862793,254.692428588867,25.4006652832031,20.4973335266113,1.21600008010864,0.0281959995627403
"background",15,15,507,121.678207397461,58.8061866760254,226.374359130859,27.0026664733887,21.5833339691162,1.60800004005432,0.928592026233673
"background",16,16,457,108.791709899902,57.6089515686035,386.971618652344,25.5740013122559,17.3379993438721,0.736000001430511,0.117087997496128
"background",17,17,425,54.3863182067871,53.3864364624023,510.368927001953,21.2953338623047,9.30666637420654,1.25199997425079,0.829035997390747
"background",18,18,604,102.605995178223,58.8700942993164,317.140014648438,21.8800010681152,14.7466669082642,0.995999991893768,0.0723560005426407
"background",19,19,457,114.843368530273,58.9396591186523,294.699493408203,23.8246669769287,17.9753341674805,0.612000048160553,0.0745000019669533
"background",20,20,1180,111.901374816895,60.3891716003418,208.294540405273,26.9200000762939,23.2993335723877,1.17599999904633,0.164728000760078
"background",21,21,596,110.302879333496,58.4310493469238,335.471099853516,24.1646671295166,17.5686664581299,1.01999998092651,0.0375359989702702
"background",22,22,649,108.764724731445,58.4782485961914,313.264343261719,24.9126663208008,18.7486667633057,0.888000011444092,0.117467999458313
"background",23,23,1057,41.6221961975098,58.0466423034668,216.954605102539,22.1893329620361,16.8506660461426,2.99200010299683,0.0871800035238266
"background",24,24,676,107.820236206055,58.8750610351562,337.850463867188,24.5946674346924,17.8626670837402,0.791999995708466,0.000816000043414533
"background",25,25,501,82.014762878418,58.1845779418945,350.494873046875,26.1599998474121,17.5706672668457,1.18400001525879,0.0163920000195503
"background",26,26,389,106.487640380859,57.8122024536133,386.76513671875,26.4946670532227,18.2353324890137,0.839999973773956,0.0561599992215633
"background",27,27,337,87.924919128418,58.4534568786621,435.996551513672,26.5200004577637,16.449333190918,0.824000000953674,0.848320007324219
"background",28,28,724,106.978782653809,59.8666458129883,261.793273925781,22.3766670227051,17.181999206543,0.939999997615814,0.0110919997096062
"background",29,29,1057,49.9350700378418,59.8957176208496,255.020034790039,22.6113338470459,16.3673324584961,2.62800002098083,0.564404010772705
"background",30,30,617,111.088912963867,58.7609901428223,324.439208984375,24.4513320922852,18.1706676483154,0.912000000476837,0.120024003088474
"background",31,31,350,91.9834060668945,57.9038047790527,467.613250732422,25.0160007476807,14.7573337554932,0.740000009536743,0.382815986871719
"background",32,32,461,71.0232391357422,51.834400177002,536.861206054688,22.6513328552246,10.2926664352417,0.980000019073486,0.898248016834259
"background",33,33,1654,97.8974533081055,59.1317520141602,189.165298461914,20.0746669769287,16.1700000762939,1.98000001907349,0.00458800001069903
"background",34,34,1190,112.742347717285,59.8132019042969,211.959457397461,25.5919990539551,21.7933330535889,1.23199999332428,0.101452000439167
"background",35,35,1001,118.627319335938,61.2297058105469,238.392776489258,25.242000579834,20.5093326568604,1.16000008583069,0.134803995490074
"background",36,36,1260,108.179504394531,65.7919616699219,247.589569091797,20.7880001068115,14.996000289917,1.73199999332428,0.79093998670578
"background",37,37,1123,95.8378448486328,60.6804962158203,230.662521362305,26.1046676635742,22.339334487915,1.21599996089935,0.353316009044647
"background",38,38,413,25.8909072875977,53.0444374084473,427.045623779297,22.1420001983643,12.3473329544067,1.72000002861023,0.29449999332428
"background",39,39,1122,92.8156433105469,58.4696311950684,280.480010986328,25.191333770752,18.771333694458,1.46399998664856,0.0692360028624535
"background",40,40,2713,48.4216041564941,63.5690727233887,221.464828491211,25.2059993743896,22.033332824707,3.65199995040894,0.0643839985132217
"background",41,41,1806,77.2969284057617,61.9157600402832,268.579437255859,23.4979991912842,17.5860004425049,3.16000008583069,0.458292007446289
"background",42,42,610,95.8148345947266,64.3627395629883,284.133178710938,27.0419998168945,21.6186676025391,1.27600002288818,0.00785600021481514
