"species","x","y","wc2.1_2.5m_bio_12","wc2.1_2.5m_bio_15","wc2.1_2.5m_bio_3","wc2.1_2.5m_bio_4","wc2.1_2.5m_bio_8","wc2.1_2.5m_bio_9","nitrogen_0-5cm","grassland"
"species",1,1,908,56.9838218688965,54.937915802002,317.48583984375,21.9379997253418,14.1606664657593,2.09599995613098,0.49727600812912
"species",2,2,845,68.629508972168,57.4943161010742,329.983703613281,20.029333114624,12.2273330688477,1.96799993515015,0.512495994567871
"species",3,3,781,76.1268539428711,57.8474082946777,320.203582763672,23.3906669616699,15.6146669387817,2.19199991226196,0.0517119988799095
"species",4,4,898,59.0156478881836,55.4319915771484,320.482543945312,21.4593334197998,13.9373331069946,1.94400000572205,0.561623990535736
"species",5,5,979,48.1279754638672,55.0383491516113,281.191986083984,23.2746658325195,16.7686672210693,2.5,0.343971997499466
"species",6,6,939,54.9785194396973,56.3365745544434,269.91650390625,21.2293338775635,15.0699996948242,2.3600001335144,0.509980022907257
"species",7,7,901,57.0065803527832,54.7053146362305,316.674011230469,22.0540008544922,14.6373338699341,2.47199988365173,0.196643993258476
"species",8,8,948,76.3086547851562,57.283863067627,309.120025634766,17.7693328857422,10.2379999160767,2.69199991226196,0.262708008289337
"species",9,9,870,72.3511428833008,61.5761528015137,311.025299072266,19.1766662597656,12.3900003433228,1.96799993515015,0.797039985656738
"species",10,10,1415,61.9950103759766,63.751880645752,249.536636352539,23.093334197998,17.4939994812012,4.11199998855591,0.00127999996766448
"species",11,11,1432,58.9664039611816,64.7019577026367,253.145599365234,24.3546676635742,18.7000007629395,3.69199991226196,0.00990800000727177
"species",12,12,945,74.3505020141602,56.34228515625,357.572265625,19.3473339080811,10.8619995117188,2.27999997138977,0.427579998970032
"species",13,13,448,34.2909927368164,53.2835388183594,315.092864990234,13.7080001831055,20.3420009613037,2.82400012016296,0.526719987392426
"species",14,14,772,109.24585723877,64.3002624511719,277.033111572266,24.1446666717529,17.6560001373291,1.83200001716614,0.746079981327057
"species",15,15,1368,46.2930717468262,65.2245712280273,257.717010498047,26.5386657714844,21.9873332977295,2.11199998855591,0.732356011867523
"species",16,16,629,76.8834686279297,58.3605575561523,338.842498779297,26.2180004119873,18.021333694458,1.61600005626678,0.386519998311996
"species",17,17,935,62.8408393859863,56.3570785522461,325.213836669922,18.7773323059082,10.8326663970947,3.35599994659424,0.459176003932953
"species",18,18,648,26.8898754119873,59.9955215454102,257.524047851562,18.9773330688477,15.8966665267944,3.66000008583069,0.261276006698608
"species",19,19,1575,53.8993797302246,64.5114288330078,252.967407226562,25.5739994049072,21.0419998168945,2.99600005149841,0.132144004106522
"species",20,20,1173,44.0458717346191,65.4913635253906,258.789459228516,26.6273345947266,22.0460014343262,1.87199997901917,0.337300002574921
"species",21,21,846,49.1214904785156,55.7287101745605,273.172485351562,25.4139995574951,18.6520004272461,2.4760000705719,0.769684016704559
"species",22,22,784,60.196346282959,66.2746276855469,279.462158203125,25.9886665344238,19.8199996948242,2.33599996566772,0.105443999171257
"species",23,23,2581,43.7287139892578,61.9696998596191,217.678527832031,23.4899997711182,20.1333332061768,3.95199990272522,0.0461039990186691
"species",24,24,1086,73.8545303344727,57.5971336364746,311.533447265625,17.5453338623047,9.90466690063477,2.90799999237061,0.697480022907257
"species",25,25,893,72.181282043457,57.1701049804688,346.171783447266,18.3253326416016,10.1393327713013,2.66400003433228,0.626760005950928
"species",26,26,786,73.6702575683594,55.4540138244629,391.485992431641,18.2740001678467,9.26266670227051,2.1800000667572,0.844735980033875
"species",27,27,1027,47.0499610900879,56.2872772216797,226.431060791016,22.3486671447754,17.5499992370605,2.83999991416931,0.449880003929138
"species",28,28,1077,36.8000450134277,56.8722953796387,283.830993652344,24.4333343505859,17.6233329772949,3.21199989318848,0.253219991922379
"species",29,29,1015,42.6603736877441,56.1259460449219,278.604125976562,24.0559997558594,17.2406673431396,2.25600004196167,0.438771992921829
"species",30,30,648,22.8673362731934,56.5269088745117,250.145446777344,19.0659999847412,16.0353336334229,3.41599988937378,0.265515983104706
"species",31,31,1113,72.4707412719727,61.1781692504883,283.946716308594,18.6246662139893,11.760666847229,2.37599992752075,0.774132013320923
"species",32,32,990,38.0210571289062,58.0629959106445,218.901763916016,19.4686660766602,16.8306655883789,2.9760000705719,0.471904009580612
"species",33,33,489,67.0512847900391,61.488956451416,279.742279052734,26.509334564209,20.2726669311523,1.08000004291534,0.0753879994153976
"species",34,34,884,74.3456192016602,60.1981658935547,337.392364501953,20.1166667938232,12.46399974823,1.93999993801117,0.407759994268417
"species",35,35,835,61.1479911804199,58.1182098388672,307.881927490234,19.5473327636719,11.9940004348755,2.26799988746643,0.752564013004303
"species",36,36,742,58.7619819641113,59.552360534668,272.676483154297,25.5279998779297,18.818000793457,1.55200004577637,0.28057199716568
"species",37,37,473,60.4170074462891,61.1507186889648,266.057922363281,26.3000011444092,21.5373344421387,1.24399995803833,0.146448001265526
"species",38,38,1084,43.8461875915527,58.1712760925293,270.212219238281,23.6760005950928,17.1253337860107,2.96799993515015,0.366291999816895
"species",39,39,1041,47.0600814819336,57.5579071044922,233.737930297852,20.941333770752,15.1433334350586,2.90000009536743,0.67248797416687
"species",40,40,898,80.3261489868164,59.9481811523438,285.996826171875,22.7679996490479,15.8146667480469,1.8400000333786,0.0975240021944046
"species",41,41,694,78.875358581543,59.2594146728516,366.135192871094,19.2220001220703,10.8666658401489,1.53200006484985,0.19514399766922
"species",42,42,247,44.1077156066895,53.3594856262207,461.501586914062,20.7859992980957,9.77266693115234,0.832000017166138,0.678596019744873
"species",43,43,302,45.9707221984863,52.5282325744629,485.270324707031,17.7486667633057,6.1486668586731,1.10800004005432,0.80350798368454
"species",44,44,281,35.6811485290527,53.231388092041,482.240264892578,20.7666664123535,11.1006669998169,0.699999988079071,0.169144004583359
"species",45,45,886,61.8591156005859,57.3820381164551,355.625152587891,20.5846672058105,12.039999961853,2.01999998092651,0.653343975543976
"species",46,46,900,45.968822479248,59.9995956420898,228.851440429688,18.6060009002686,15.6453332901001,3.11199998855591,0.312020003795624
"species",47,47,498,24.1938285827637,58.9268341064453,306.308166503906,18.6126670837402,14.3326663970947,3.27999997138977,0.299843996763229
"species",48,48,678,60.1013069152832,57.8447303771973,329.260314941406,21.2373332977295,13.1166667938232,1.79999995231628,0.203707993030548
"species",49,49,699,54.3293342590332,66.3721389770508,289.133392333984,27.042667388916,22.0860004425049,1.82400000095367,0.158828005194664
"species",50,50,487,73.1678771972656,60.8132934570312,314.798095703125,27.4893341064453,20.7006664276123,1.08000004291534,0.053872000426054
"species",51,51,777,71.2667083740234,55.166690826416,382.534698486328,21.2866668701172,12.1199998855591,2.25600004196167,0.114543996751308
"species",52,52,909,56.8128280639648,58.975658416748,284.525512695312,21.7119998931885,15.7666664123535,2.40400004386902,0.171499997377396
"species",53,53,791,31.8252983093262,55.7906036376953,241.731140136719,19.2159996032715,16.3053340911865,2.85599994659424,0.344796001911163
"species",54,54,965,51.7045478820801,58.4807014465332,260.397766113281,20.5299987792969,14.0806665420532,2.3840000629425,0.784295976161957
"species",55,55,760,55.6173210144043,59.6450462341309,277.050567626953,20.1240005493164,13.688666343689,1.77999997138977,0.28030401468277
"species",56,56,955,50.531005859375,60.7906913757324,251.571502685547,23.4759998321533,17.246000289917,2.25600004196167,0.516211986541748
"species",57,57,775,48.4296493530273,66.1734771728516,280.0009765625,27.029333114624,22.1473331451416,2.01999998092651,0.267051994800568
"species",58,58,1292,98.7050857543945,61.285961151123,252.973617553711,15.4320001602173,10.0539999008179,3.17600011825562,0.498955994844437
"species",59,59,448,82.9901733398438,63.999813079834,317.648193359375,27.6513328552246,20.9153327941895,0.980000019073486,0.065820001065731
"species",60,60,564,58.5493850708008,65.2941284179688,303.12939453125,26.4659996032715,19.7893333435059,1.12800002098083,0.0322519987821579
"species",61,61,582,56.5951652526855,65.2246322631836,300.203826904297,26.2919998168945,21.1133327484131,1.23600006103516,0.0803039968013763
"species",62,62,740,54.3675575256348,66.054931640625,282.638580322266,26.5073337554932,21.6333332061768,2.09999990463257,0.21408399939537
"species",63,63,1081,52.5041275024414,59.8054809570312,253.080932617188,21.8486671447754,15.6719999313354,2.86400008201599,0.221520006656647
"species",64,64,877,65.4619674682617,57.6830635070801,307.555572509766,19.3473339080811,11.9820003509521,2.93600010871887,0.327648013830185
"species",65,65,1514,48.0087661743164,65.013801574707,256.5146484375,26.6046676635742,21.957332611084,2.31200003623962,0.859279990196228
"species",66,66,800,102.66674041748,70.0673446655273,244.855194091797,26.1946659088135,20.9266662597656,1.91600000858307,0.829364001750946
"species",67,67,893,72.567756652832,57.0459785461426,355.327972412109,18.7853336334229,10.0699996948242,2.51199984550476,0.841947972774506
"species",68,68,953,49.2537384033203,55.4718475341797,250.092834472656,22.8093338012695,17.3239994049072,2.87199997901917,0.05129199847579
"species",69,69,273,64.7113571166992,50.678295135498,583.912963867188,20.4179992675781,9.16199970245361,0.600000023841858,0.828912019729614
"species",70,70,1191,87.0958251953125,63.1734199523926,271.057800292969,21.5073337554932,15.826000213623,2.55200004577637,0.536243975162506
"species",71,71,1079,92.6270523071289,63.3512535095215,272.188446044922,21.5279998779297,15.9420003890991,1.91600000858307,0.962523996829987
"species",72,72,503,21.5731887817383,52.8276214599609,384.703063964844,18.1946678161621,9.48466682434082,3.03999996185303,0.87363600730896
"species",73,73,1254,90.31005859375,62.2330741882324,282.477996826172,23.6873321533203,17.7933330535889,2.23600006103516,0.8889240026474
"species",74,74,783,92.590576171875,65.3702774047852,307.663543701172,27.503999710083,21.1393337249756,1.22399997711182,0.39844799041748
"species",75,75,801,43.1391563415527,59.0284194946289,250.939193725586,18.4219989776611,15.2113332748413,2.73200011253357,0.613395988941193
"species",76,76,564,110.497039794922,65.8538970947266,305.579345703125,28.5152778625488,22.1152782440186,1.31200003623962,0.264844000339508
"species",77,77,586,49.7446479797363,66.7548904418945,298.070404052734,27.1893329620361,21.8586673736572,1.39600002765656,0.461199998855591
"species",78,78,611,17.3735332489014,55.6014099121094,297.190124511719,15.9113330841064,21.5193328857422,2.93199992179871,0.285879999399185
"species",79,79,732,18.4669246673584,56.1612930297852,233.229370117188,15.2200002670288,20.1173324584961,3.36400008201599,0.525240004062653
"species",80,80,619,76.4425048828125,58.7699432373047,350.478973388672,25.1826667785645,16.6393337249756,1.34799993038177,0.663379967212677
"species",81,81,1328,81.4592819213867,64.1017456054688,277.95751953125,22.7933330535889,16.8906669616699,3.04399991035461,0.968743979930878
"species",82,82,854,70.4256134033203,57.4776878356934,338.683502197266,19.4953327178955,11.4399995803833,2.4760000705719,0.464468002319336
"species",83,83,842,70.674934387207,57.7589073181152,360.543151855469,19.517333984375,10.9079999923706,2.17600011825562,0.785820007324219
"species",84,84,465,74.1576080322266,63.0864677429199,312.307342529297,27.5686664581299,20.7393341064453,1.11199998855591,0.0504439994692802
"species",85,85,703,110.072265625,66.4617462158203,282.022094726562,25.9853324890137,19.3306655883789,1.14400005340576,0.879751980304718
"species",86,86,1104,41.5236549377441,58.3122329711914,274.142974853516,23.8813343048096,17.2646675109863,2.60800004005432,0.475755989551544
"species",87,87,830,46.0883293151855,59.5117225646973,243.496109008789,18.4233341217041,15.3080005645752,3.01600003242493,0.171540006995201
"species",88,88,1548,102.768035888672,69.9399490356445,201.581359863281,21.6380004882812,17.0113334655762,2.21600008010864,0.663843989372253
"species",89,89,541,16.9470481872559,55.5595016479492,302.18115234375,18.3500003814697,14.3273334503174,2.37999987602234,0.776188015937805
